109	73	54	98	61	34	87	99	123	109
93	71	54	97	44	25	72	84	123	107
61	70	53	98	25	18	45	57	125	108
41	58	42	83	27	23	34	38	106	93
65	59	41	76	46	37	57	50	89	75
79	53	38	83	52	44	65	63	105	91
94	55	53	66	63	53	79	75	79	59
105	107	101	118	68	56	86	86	128	92
109	135	132	144	72	61	91	90	155	117
116	138	136	144	83	75	100	92	150	116
119	139	134	144	94	87	109	96	153	122
124	131	121	142	88	75	109	106	156	127
135	113	91	134	83	61	111	124	158	140
135	101	73	129	80	54	109	127	158	145
131	100	67	131	76	50	104	125	164	156
132	95	57	128	79	51	106	127	164	159
134	97	61	130	82	54	109	128	164	157
140	102	70	131	88	60	115	133	164	153
142	103	76	128	92	65	119	134	157	143
143	102	82	126	96	70	119	132	149	133
152	98	80	118	104	80	128	139	140	120
152	93	77	114	105	81	130	138	135	115
140	94	81	113	94	72	119	126	132	110
145	86	73	105	100	77	123	130	123	101
147	78	63	98	103	81	127	132	118	99
150	83	70	103	106	83	129	132	122	100
143	85	70	105	103	84	125	126	123	101
139	92	81	113	103	86	122	121	129	103
142	97	84	116	107	89	126	122	131	107
145	93	81	112	109	91	129	125	128	105
144	89	80	104	110	91	128	123	119	98
144	86	76	101	111	93	129	123	115	95
142	79	71	95	109	91	127	121	105	86
132	76	68	91	102	87	119	111	100	79
130	78	71	92	100	86	116	108	99	75
134	78	72	89	106	93	121	112	97	73
137	69	66	79	111	98	125	112	84	61
137	62	61	69	112	102	126	111	69	47
131	54	55	61	111	101	121	104	59	38
122	44	46	50	105	98	113	94	47	27
117	37	44	40	101	97	110	88	38	19
107	33	42	34	93	92	102	79	29	13
112	78	58	104	57	26	87	103	132	119
80	78	58	103	33	16	58	75	129	115
38	81	58	109	16	12	27	37	137	122
34	82	58	107	27	21	32	28	132	117
77	84	56	115	52	41	65	59	139	120
92	53	39	85	60	49	76	75	110	96
106	74	69	83	70	56	88	88	96	66
116	126	119	137	75	60	97	98	148	110
120	141	136	149	85	74	103	99	158	121
120	129	127	133	98	93	111	96	140	107
105	122	116	125	93	92	102	82	133	105
104	105	98	113	70	57	89	90	126	106
119	101	79	120	72	53	97	109	141	124
124	104	77	133	76	53	101	115	162	146
132	103	70	134	81	55	107	124	166	157
142	97	59	130	88	59	116	135	166	162
144	99	61	133	90	61	118	138	168	162
150	103	70	135	96	66	123	143	168	158
148	103	76	130	98	70	124	141	158	147
150	105	80	130	103	76	127	140	155	141
154	100	77	122	105	80	131	142	145	130
151	95	76	117	103	78	128	138	139	122
147	98	79	120	101	76	125	134	142	122
153	93	77	114	109	84	133	137	133	112
159	86	69	107	112	87	136	143	126	107
161	97	81	118	115	92	140	144	137	116
155	105	89	124	114	94	137	137	143	119
156	106	92	124	118	98	138	137	142	117
156	98	87	115	120	101	140	137	130	106
154	92	78	111	118	99	138	133	127	105
157	84	72	101	121	101	140	135	112	93
155	76	68	91	119	101	138	134	100	80
151	79	70	92	117	98	135	131	103	83
145	82	75	95	117	98	131	124	106	85
143	87	80	102	115	97	129	121	111	86
145	86	79	100	117	101	132	122	108	82
146	80	74	92	120	107	134	121	97	70
144	70	68	79	120	109	134	117	82	57
140	60	61	66	119	110	131	113	66	46
133	56	60	61	116	107	124	105	59	37
126	45	51	49	110	103	119	97	45	26
118	35	45	38	104	101	112	90	34	17
103	86	62	115	47	20	77	98	144	129
53	88	64	116	20	10	38	52	144	129
26	92	67	120	15	13	21	25	150	134
47	98	72	127	35	30	44	35	154	137
96	84	55	124	64	52	81	78	153	136
107	55	47	75	71	58	89	91	96	81
119	99	93	104	79	62	100	103	113	83
125	136	128	146	84	68	106	108	158	121
129	138	133	145	98	88	114	107	153	117
115	125	124	127	104	105	112	88	130	99
90	98	93	100	81	78	88	71	105	83
101	73	67	78	62	44	83	91	92	79
119	90	70	109	73	52	96	109	127	109
130	106	80	135	82	59	105	119	163	146
139	103	72	133	90	65	115	128	163	152
148	99	62	133	96	68	122	139	167	161
156	99	61	133	101	69	128	149	166	162
154	106	72	137	100	70	127	148	169	161
161	108	78	136	107	77	135	154	166	155
160	104	78	129	109	80	135	151	157	145
162	104	78	128	112	82	138	150	153	139
160	102	79	126	110	82	135	148	150	136
160	102	82	124	114	87	137	147	146	129
166	101	82	122	119	94	145	151	143	125
169	105	85	128	121	97	147	153	147	129
166	115	97	135	122	99	146	151	154	130
163	114	97	133	123	102	143	145	150	128
167	117	100	137	130	108	149	148	154	131
164	104	89	121	128	108	147	144	137	115
159	92	79	110	125	105	144	141	125	104
161	104	88	122	126	106	146	142	135	113
156	94	82	110	124	104	140	136	122	101
150	89	76	104	120	102	137	131	116	95
159	91	80	106	131	111	145	138	117	93
156	89	79	104	128	110	143	134	115	93
155	80	74	94	128	111	142	132	102	82
155	78	74	90	131	116	145	131	95	71
150	76	72	85	128	115	140	123	86	62
141	64	63	71	122	111	132	114	72	51
138	59	61	64	121	112	131	112	64	42
133	48	54	52	118	111	127	105	50	30
129	43	49	46	114	110	124	99	42	24
86	92	67	121	37	14	63	83	152	136
41	94	69	124	16	9	29	41	154	139
30	103	75	132	22	18	27	28	164	148
59	108	80	138	47	38	54	47	168	149
109	77	53	112	75	60	92	93	141	127
124	69	62	79	84	67	105	109	93	75
129	118	108	123	87	67	108	115	132	103
131	141	133	150	92	75	111	114	161	129
130	134	132	138	105	97	118	107	145	114
90	110	106	106	84	87	90	65	108	84
71	63	58	71	52	45	64	59	80	65
92	53	48	59	54	40	74	81	68	57
115	84	66	106	74	55	95	104	122	98
136	107	82	134	91	69	114	124	160	143
148	108	78	137	100	76	124	134	166	152
155	104	67	136	107	80	131	144	170	161
163	102	65	137	109	77	136	155	170	165
162	107	72	137	107	75	134	156	169	161
173	106	76	133	115	84	144	166	163	153
178	102	74	125	119	87	148	168	152	143
177	103	76	127	120	88	149	166	153	142
173	108	82	132	118	86	146	162	157	144
176	106	84	127	121	93	149	160	151	137
174	112	90	134	124	98	150	160	156	139
172	122	101	145	128	101	152	156	167	147
170	132	112	152	126	104	150	152	171	148
170	126	107	143	130	108	152	152	159	136
172	114	97	130	134	113	155	154	146	126
169	116	98	136	133	113	154	150	154	134
165	112	95	133	132	111	150	146	150	129
164	118	104	134	132	111	149	145	148	125
162	118	102	134	132	110	147	142	148	124
157	100	85	114	129	111	144	137	128	108
162	95	82	112	131	114	148	142	125	105
159	90	78	106	128	112	146	138	119	97
159	88	80	102	131	116	147	137	111	87
159	87	82	100	133	119	149	135	106	80
155	83	80	91	133	120	146	129	95	73
150	69	68	76	133	120	143	122	77	54
147	62	62	68	131	119	139	118	66	43
137	51	54	55	121	112	131	109	51	34
134	53	58	56	119	114	129	106	52	30
83	93	67	122	38	15	61	81	153	139
44	97	71	128	20	11	32	45	159	145
32	108	82	137	24	21	27	30	169	152
72	111	84	144	57	45	65	57	173	155
124	74	55	107	88	71	106	108	134	121
139	84	76	88	96	75	119	126	102	79
141	140	128	143	95	71	119	129	152	122
141	145	136	155	104	87	123	125	167	136
131	129	128	133	111	105	122	108	139	110
64	75	67	78	55	50	63	48	83	65
74	45	40	54	45	32	60	65	63	54
96	52	48	62	64	51	82	84	63	49
120	89	74	109	83	68	103	104	124	99
145	108	85	133	102	82	124	129	158	141
155	112	83	140	110	86	132	141	168	153
160	108	72	140	115	90	139	147	173	163
168	108	70	141	116	85	142	157	176	168
173	111	76	142	116	82	144	166	174	166
182	107	75	134	122	89	152	175	164	157
188	105	75	129	127	92	157	179	158	151
182	108	78	133	123	88	152	173	160	150
183	109	82	133	124	90	153	173	159	148
182	87	68	104	125	94	155	168	124	114
176	112	94	135	128	100	153	160	155	138
179	135	111	158	133	106	157	163	180	160
178	134	114	153	134	109	159	160	172	150
180	128	109	145	136	113	161	161	162	141
172	116	97	133	136	114	156	154	150	130
172	120	101	140	136	116	157	153	156	137
172	127	108	145	138	117	157	153	162	140
165	125	109	139	136	117	152	146	154	131
162	121	103	137	132	113	150	144	153	131
163	101	84	120	131	111	148	143	135	115
161	96	82	114	129	111	147	141	128	108
159	95	84	111	129	111	145	137	123	102
160	95	85	111	131	115	148	137	119	99
155	100	92	112	128	115	144	133	116	91
159	91	87	101	134	122	149	134	106	83
156	80	80	87	135	124	148	129	89	67
155	71	70	76	135	124	147	126	76	53
145	56	59	60	126	117	138	116	57	38
134	47	51	50	116	110	128	107	49	31
95	97	68	125	45	19	71	94	157	146
48	107	79	139	22	14	36	46	170	155
33	117	91	148	24	21	28	29	180	163
76	114	88	146	63	52	67	59	176	159
133	80	61	109	98	80	116	118	137	123
145	89	80	93	102	78	124	134	107	83
149	151	139	155	102	78	126	138	163	130
154	149	141	160	119	102	137	137	172	143
126	118	111	124	110	105	121	103	131	108
85	65	59	76	67	51	81	67	87	70
99	45	38	51	60	38	78	95	58	53
110	61	53	75	78	63	95	100	75	54
135	94	85	113	99	83	118	119	127	101
155	112	93	135	115	96	136	136	157	139
165	116	86	144	120	96	143	148	173	158
165	112	77	143	120	96	144	150	177	166
172	111	75	142	122	93	147	159	175	168
185	111	76	139	124	91	154	175	172	166
191	108	75	135	128	94	160	181	165	160
192	108	76	135	130	92	161	185	164	159
186	117	84	142	124	88	156	180	172	163
184	114	82	137	125	89	154	176	163	155
178	98	72	120	126	94	154	166	140	131
187	119	98	141	133	102	162	173	161	145
190	132	109	153	141	112	166	175	173	155
189	138	116	159	143	115	168	171	179	159
185	136	115	155	144	117	166	167	174	152
181	127	106	146	144	122	165	164	163	141
178	123	104	140	144	123	162	157	155	136
174	126	106	143	143	122	160	154	159	137
164	122	103	139	131	111	150	146	154	132
158	113	94	132	125	104	143	140	148	128
163	106	87	125	129	108	147	143	142	123
159	103	89	119	127	108	145	139	132	111
157	98	86	113	131	112	145	137	124	103
162	111	101	126	138	117	151	141	135	113
160	119	109	129	136	117	149	138	137	111
156	96	91	105	133	119	148	134	110	88
155	84	81	92	135	124	149	130	94	71
153	76	74	81	133	123	146	127	82	61
148	60	60	65	125	117	139	121	64	44
137	48	48	54	112	106	128	111	51	36
108	104	74	134	53	24	81	107	167	158
47	116	88	147	23	14	35	45	179	164
27	126	98	158	24	20	23	21	190	173
74	120	93	149	63	53	65	57	177	162
142	86	68	114	108	88	124	126	139	126
160	83	78	89	112	86	137	147	103	76
157	154	144	156	110	84	133	145	162	128
163	154	148	166	132	117	147	145	176	149
123	109	93	119	108	101	120	96	128	108
144	58	51	70	114	88	133	115	85	76
145	72	64	82	90	60	120	136	66	50
111	72	56	92	76	58	93	103	99	69
149	105	100	119	113	94	132	132	131	107
167	121	103	142	130	112	150	146	160	139
174	121	91	151	130	106	153	155	179	164
181	120	83	150	131	105	157	163	183	171
185	117	81	147	132	103	157	169	179	171
198	113	78	140	135	101	166	186	171	168
209	114	79	142	141	104	175	197	175	171
205	117	82	144	138	97	173	200	176	173
195	122	87	148	131	93	164	193	180	175
194	121	87	146	133	96	164	190	174	169
188	123	92	146	135	101	162	179	172	163
196	129	101	150	144	111	172	185	171	158
196	136	112	156	147	117	173	182	176	160
190	148	123	169	147	121	171	177	191	170
195	146	121	166	155	128	177	178	187	166
191	134	113	154	157	133	174	174	172	151
181	124	104	142	150	128	166	163	159	139
170	123	103	141	137	114	154	152	159	139
160	114	94	132	122	97	142	144	152	132
154	105	87	123	120	97	138	138	140	121
150	108	88	126	118	98	135	133	144	125
149	106	92	124	119	101	136	131	137	117
150	105	93	118	123	107	138	129	127	107
159	116	108	128	135	117	148	138	135	112
170	116	109	124	147	127	159	149	132	110
167	96	90	105	146	128	157	145	109	89
160	93	89	101	139	126	152	137	103	82
151	79	78	85	127	116	143	127	87	67
142	64	63	69	116	107	133	117	69	50
133	57	53	65	104	98	122	110	66	47
120	105	75	134	62	29	93	119	167	158
51	122	93	152	25	15	38	51	183	170
22	133	104	164	21	18	18	17	196	180
73	129	101	156	66	57	66	56	183	167
157	96	74	121	121	99	139	137	144	129
187	79	76	87	127	95	156	171	101	77
183	150	145	150	128	97	154	169	153	119
168	157	153	168	138	124	153	149	177	150
131	109	92	122	116	103	131	100	136	118
179	61	49	69	133	112	161	153	84	82
183	78	63	72	122	98	158	165	59	45
121	80	59	96	78	56	98	115	107	86
161	121	112	133	122	101	141	142	139	114
178	129	112	147	143	125	163	156	164	142
189	126	93	156	143	118	167	168	186	171
193	127	90	156	141	114	167	173	189	177
194	120	84	149	140	110	166	175	182	177
211	117	81	145	147	109	177	195	177	176
212	120	83	146	144	105	177	201	179	179
204	120	83	147	138	97	172	198	178	179
196	122	85	148	135	96	165	195	178	177
196	121	87	146	137	100	167	193	175	171
198	133	100	157	143	107	171	191	183	174
200	140	110	162	148	114	175	191	183	171
194	145	118	165	149	119	174	186	187	172
188	150	123	169	149	123	170	177	190	170
194	146	120	165	160	134	179	179	187	167
188	143	118	166	159	133	174	173	186	165
176	132	108	153	143	116	160	163	173	153
158	107	86	126	119	92	137	143	145	129
152	92	75	112	111	86	133	139	131	114
145	94	76	114	108	87	127	130	129	113
137	100	83	119	106	88	123	121	133	114
133	104	87	121	108	93	122	118	130	112
135	107	97	119	117	100	127	117	126	105
146	115	104	125	129	113	138	126	133	112
162	112	102	124	138	122	152	141	131	112
166	107	100	116	142	124	156	145	120	98
159	103	96	111	133	118	149	138	114	92
154	85	81	91	127	112	143	131	93	73
147	63	59	70	120	107	136	123	70	54
137	56	55	66	106	97	126	116	66	50
131	105	76	134	74	38	104	130	167	158
65	124	95	154	32	18	50	65	186	172
20	137	107	165	18	18	16	16	196	180
66	139	109	163	61	57	60	49	191	173
169	104	83	128	134	114	153	145	150	134
203	76	74	83	139	102	171	192	96	79
194	141	139	136	140	107	166	187	136	102
173	162	151	170	145	128	160	156	177	151
92	103	80	121	79	72	90	74	137	126
43	48	41	59	29	28	38	37	76	78
93	27	25	37	60	58	84	86	36	29
126	65	48	77	77	59	104	118	93	83
170	126	118	135	128	105	149	145	141	120
188	138	121	155	154	134	172	162	172	148
202	133	97	164	156	126	179	178	196	184
211	133	94	162	154	123	184	188	193	187
212	124	86	151	157	123	184	189	184	186
218	122	85	149	155	116	185	203	182	188
216	118	82	144	147	106	180	207	176	178
204	116	78	143	140	98	172	201	173	176
197	119	82	144	137	98	166	198	174	175
197	124	89	148	140	102	169	198	177	174
198	136	104	159	147	110	175	196	186	177
196	144	114	163	150	116	175	191	185	174
191	141	112	160	151	123	172	184	181	171
185	144	116	166	154	126	171	177	188	171
184	153	125	174	158	132	173	174	197	175
178	151	120	174	147	120	163	168	200	178
161	124	95	145	121	92	142	152	169	152
145	88	68	110	103	74	124	135	127	114
129	84	67	105	92	68	111	120	122	107
125	99	80	119	92	74	109	114	134	118
127	110	92	127	101	86	115	112	141	120
131	115	99	131	113	101	123	115	139	119
145	126	113	139	133	119	141	128	147	122
153	115	102	126	143	124	149	136	133	112
162	120	110	133	140	122	152	143	139	117
162	113	102	122	134	116	150	142	128	106
161	106	99	113	133	115	149	142	118	95
159	93	87	100	131	116	147	137	102	82
155	75	69	84	127	111	143	133	86	68
145	55	48	62	114	101	133	124	65	53
148	109	79	140	88	52	121	145	174	164
86	126	100	157	41	23	66	82	188	176
22	147	115	176	19	20	18	17	207	190
49	148	122	174	47	45	47	35	201	183
154	110	91	137	130	115	144	129	162	145
201	72	67	79	144	108	172	192	92	76
191	128	129	119	143	111	168	188	116	84
171	167	148	169	144	127	159	158	174	147
59	104	74	119	51	47	56	52	137	136
16	39	25	58	2	0	7	8	92	96
17	23	35	49	8	6	16	15	44	24
100	64	54	81	62	43	83	97	94	89
190	127	120	130	137	113	167	161	128	109
191	138	118	154	161	144	179	163	170	149
204	134	97	163	161	127	182	183	197	190
225	134	93	162	167	133	198	201	196	195
223	123	85	150	167	133	197	197	184	190
219	125	88	154	160	120	188	204	187	196
214	119	81	144	149	105	181	208	178	183
204	112	76	138	144	101	174	203	169	171
201	114	80	137	143	103	173	205	167	168
197	123	90	146	146	108	173	200	174	170
203	137	107	159	152	114	179	203	185	177
199	138	108	154	160	125	181	197	175	167
188	146	115	169	157	128	173	182	189	178
182	152	121	173	158	129	171	177	193	182
173	164	129	188	147	118	160	165	215	198
161	139	104	163	123	93	142	152	191	175
149	89	63	108	104	74	126	142	130	119
142	73	53	94	97	67	120	135	111	99
125	80	64	100	91	66	108	119	115	101
126	102	86	121	94	75	111	115	134	116
129	120	108	134	105	92	119	115	143	121
132	137	122	148	120	114	129	114	156	132
133	129	114	141	126	119	134	117	151	127
155	126	112	140	136	119	148	140	151	127
162	121	108	133	135	115	151	147	144	120
160	124	113	136	132	111	147	141	144	119
165	114	106	123	137	117	153	146	128	105
162	100	94	108	135	119	150	140	111	90
160	83	75	92	129	113	147	137	95	75
153	57	49	65	120	103	138	133	70	57
164	107	78	138	102	65	134	161	169	163
103	128	100	155	50	30	79	97	185	171
26	148	122	178	18	18	21	22	209	190
40	152	122	177	38	37	38	28	204	183
129	117	93	141	116	107	123	105	166	151
190	73	72	77	147	116	170	183	86	74
183	112	115	100	145	112	164	183	95	64
155	158	146	150	134	116	145	143	152	125
48	103	76	107	40	38	43	52	119	121
67	44	29	55	35	7	54	65	68	83
22	37	40	44	52	68	36	16	43	33
98	74	63	86	69	49	90	123	100	100
198	128	117	129	145	121	179	173	132	114
189	135	111	155	169	148	183	167	173	159
204	133	94	159	159	123	183	189	190	192
219	126	87	150	165	135	197	202	182	192
228	121	86	149	172	137	203	206	183	194
226	127	88	155	167	124	196	211	191	199
213	113	76	137	152	109	182	210	170	174
205	106	72	131	149	106	177	208	161	165
196	113	81	138	143	104	170	204	166	166
195	129	96	154	146	109	171	199	180	177
201	143	110	164	157	121	180	205	187	180
199	145	111	164	164	131	183	199	185	178
189	165	129	186	162	132	176	183	206	198
180	163	126	185	150	120	166	172	209	198
164	151	112	175	126	96	146	156	205	195
154	102	70	124	108	77	132	146	150	142
145	72	49	93	98	65	122	140	113	105
135	83	61	104	90	61	113	130	123	112
122	93	74	113	84	63	103	115	129	115
127	119	103	138	94	78	112	116	151	131
137	141	130	150	113	103	128	122	154	129
130	144	132	149	124	121	130	110	155	131
123	131	109	140	115	111	124	110	152	135
149	117	102	133	121	104	140	143	147	127
162	124	111	137	131	108	149	150	149	126
161	121	113	132	130	106	147	145	141	115
163	118	111	127	134	113	149	145	133	109
161	104	97	111	134	117	149	140	116	94
158	84	76	94	128	111	145	136	100	80
155	72	63	83	124	105	141	135	89	73
175	118	82	148	112	75	142	174	183	177
129	137	107	168	66	39	97	116	200	186
36	145	119	172	20	18	26	30	201	182
38	162	128	184	35	36	36	28	212	190
110	123	100	146	103	98	106	88	169	154
184	73	75	77	154	128	171	172	83	71
172	101	104	89	143	112	159	176	83	55
139	145	128	132	125	107	133	133	128	101
44	82	60	89	41	36	43	41	99	98
9	43	45	56	15	6	14	16	61	64
18	33	25	59	25	30	20	17	61	44
87	80	62	91	65	44	74	100	103	105
165	126	110	128	140	117	158	162	132	123
178	129	100	149	163	132	170	165	170	165
197	122	86	144	156	121	178	190	173	183
214	113	78	135	163	135	195	199	165	179
235	121	85	149	177	137	210	218	183	194
226	119	82	145	165	121	197	216	179	185
215	107	73	133	156	114	186	211	165	169
206	112	77	137	152	109	180	208	166	170
193	124	90	149	145	105	170	202	176	177
187	144	107	170	143	107	167	193	197	194
194	157	122	178	155	123	175	196	198	193
190	163	126	182	158	126	175	187	202	195
182	166	127	188	143	113	164	174	211	204
174	151	113	172	126	97	151	164	202	195
161	118	82	140	112	81	136	151	171	165
149	77	50	98	99	69	125	144	123	117
141	77	54	99	93	60	117	139	122	112
122	85	62	107	82	55	101	117	127	117
109	97	80	119	75	58	92	104	132	117
131	131	118	150	96	82	115	120	159	134
147	145	141	148	121	111	137	129	149	122
127	123	115	120	125	123	129	103	122	108
96	108	83	122	96	93	99	88	143	134
132	115	98	134	100	79	119	136	152	132
159	122	109	136	122	97	144	148	148	125
170	121	111	131	132	105	153	155	140	116
164	116	108	126	131	108	150	146	132	109
160	107	97	117	132	114	147	140	122	101
152	85	75	97	126	107	141	134	103	85
148	72	63	84	119	102	137	130	91	76
187	125	89	157	119	82	151	187	193	189
157	138	108	170	82	50	119	141	204	193
45	154	121	177	25	19	33	38	209	190
28	166	137	188	28	28	27	20	213	192
99	135	114	153	96	93	96	78	172	156
176	78	77	83	158	142	170	156	89	78
173	89	93	79	154	121	164	172	75	49
139	129	119	114	132	111	136	135	105	76
61	83	65	82	63	52	62	53	90	85
18	73	70	77	16	9	16	17	75	75
71	114	74	136	47	31	65	66	127	93
106	89	67	96	78	50	93	118	109	106
132	116	96	120	121	96	129	142	131	126
165	113	83	130	142	111	155	160	153	155
192	106	74	127	149	117	175	192	154	166
225	115	79	143	170	135	205	214	173	184
240	123	86	152	175	131	211	225	186	193
221	114	77	140	161	117	192	211	173	177
215	108	74	135	155	113	185	206	167	170
207	119	84	146	153	112	181	202	177	179
200	135	99	161	151	114	176	202	190	190
193	152	116	176	152	116	174	196	200	199
183	162	125	180	146	114	165	181	201	197
174	162	125	182	130	98	152	168	205	199
164	155	116	179	118	86	141	157	207	200
156	126	88	151	107	79	132	148	183	177
154	91	56	117	103	74	130	146	146	142
148	74	47	98	97	66	123	142	122	117
135	75	53	97	87	55	110	133	118	110
118	89	65	111	79	53	98	115	131	119
106	107	90	129	76	56	91	103	145	127
136	131	118	144	97	84	120	125	152	128
151	126	126	124	121	110	140	131	122	98
112	88	77	87	114	115	115	89	89	78
68	76	56	97	71	60	69	57	117	112
114	111	94	128	75	54	97	111	145	125
149	121	108	134	110	86	132	138	147	124
165	121	113	133	124	99	148	151	141	117
165	122	114	131	127	102	148	148	138	113
159	110	98	119	129	109	146	139	129	108
157	81	72	89	128	110	145	137	98	82
151	80	69	90	121	104	139	132	98	81
197	130	91	162	125	88	158	201	199	197
187	145	111	177	102	63	145	164	214	204
56	167	129	193	36	25	46	49	226	207
28	171	139	192	28	25	27	20	218	194
81	147	126	167	79	79	79	63	187	164
157	91	87	99	149	142	156	135	107	91
177	85	89	80	168	141	174	167	77	53
143	119	119	103	140	118	141	138	92	60
102	91	71	92	104	90	104	87	92	81
125	82	79	83	128	97	126	115	84	82
180	115	79	110	149	109	173	177	95	77
108	85	64	92	82	49	96	115	104	99
122	99	80	109	113	84	117	125	122	119
157	103	74	122	129	99	147	158	145	150
199	100	68	123	149	117	181	200	150	161
234	113	79	143	167	125	205	222	175	184
230	115	78	140	162	117	199	211	174	178
211	110	74	136	147	108	180	199	169	170
204	113	79	140	143	107	174	189	172	172
199	130	95	160	146	112	174	186	190	188
200	145	108	168	152	111	177	189	196	191
179	149	115	168	137	94	160	170	193	187
141	157	120	176	97	66	119	133	200	198
122	150	113	172	81	57	100	114	198	193
125	133	94	158	85	64	105	115	190	183
135	108	70	137	91	66	113	127	169	165
144	87	52	111	95	68	122	138	141	139
143	74	45	97	94	63	119	139	122	118
129	77	52	100	83	54	106	128	122	115
119	93	72	116	80	55	100	117	136	123
121	114	94	135	85	62	104	117	155	137
128	123	112	133	89	71	110	118	143	121
129	111	112	108	106	98	122	110	106	82
90	62	50	66	98	100	96	71	71	60
57	65	47	86	52	42	55	46	106	97
92	102	90	117	57	40	76	90	130	111
131	121	110	133	95	77	116	120	146	122
154	125	117	136	114	92	137	140	143	118
164	132	124	141	123	99	146	146	148	121
159	109	93	117	128	107	146	139	127	108
152	77	65	86	124	109	139	132	94	81
146	83	73	95	119	103	134	127	103	87
203	129	89	159	129	93	163	212	195	199
209	148	109	177	119	79	164	185	215	211
89	171	131	197	55	41	72	77	232	215
37	181	146	202	33	31	35	28	228	202
77	154	130	172	74	72	75	61	190	169
142	101	97	108	139	137	142	118	115	99
180	91	93	89	178	161	182	161	88	63
155	117	122	102	160	138	157	146	89	54
114	109	99	108	119	107	116	103	103	82
141	91	80	93	144	127	145	119	97	91
160	70	48	73	140	101	157	159	69	65
96	81	58	94	71	41	83	108	106	101
129	91	68	105	111	83	120	133	121	119
174	96	68	117	129	97	156	177	141	147
213	99	66	127	147	109	184	209	157	163
214	109	73	138	146	105	181	202	171	174
191	105	70	132	132	96	163	179	164	164
187	107	75	134	129	94	160	174	168	165
185	112	80	139	130	96	160	170	170	163
176	127	96	154	126	74	154	160	183	172
155	131	105	151	106	40	134	141	177	165
118	128	101	144	62	29	94	110	168	155
107	130	100	148	54	38	83	97	172	164
108	127	93	150	70	65	94	89	180	174
96	116	78	144	71	70	88	74	176	171
101	97	58	124	73	62	87	86	157	154
129	73	41	97	86	62	109	122	125	123
134	65	40	88	86	58	112	131	111	106
124	68	47	90	81	53	103	123	111	103
117	85	65	107	78	54	97	114	127	114
130	108	91	128	87	63	109	125	147	127
131	116	109	125	91	71	112	121	132	111
108	98	100	90	96	93	105	91	86	67
79	48	35	59	87	88	83	60	69	62
51	70	53	94	46	35	49	42	113	104
80	102	92	115	50	34	65	78	126	105
121	122	114	133	86	70	104	108	142	118
142	132	125	141	105	86	126	125	146	119
157	137	129	146	118	98	140	139	151	124
157	125	110	135	125	106	144	138	143	123
149	105	88	117	123	106	138	130	127	111
151	93	74	108	125	107	140	132	121	106
211	132	89	160	133	98	168	225	196	205
216	142	101	168	131	91	174	201	205	209
122	164	127	195	90	64	112	109	234	222
55	180	149	203	45	38	50	49	225	201
70	165	140	180	65	65	67	57	191	169
131	109	104	115	126	125	131	108	124	109
175	102	104	100	177	170	177	148	100	76
170	119	126	108	189	179	178	153	96	59
132	118	121	111	149	138	139	121	104	76
121	120	104	123	123	103	123	108	123	110
117	79	54	92	84	58	101	101	99	89
96	77	52	95	67	40	77	101	113	111
153	96	69	113	123	87	138	155	133	132
187	95	63	120	130	95	163	190	150	152
198	100	66	130	129	90	163	193	164	164
172	99	66	129	115	81	144	162	161	158
161	90	60	115	108	76	136	151	145	139
164	91	51	114	111	80	140	152	144	133
159	80	41	111	106	59	135	145	137	126
135	60	44	98	84	17	111	122	126	114
101	71	62	98	45	15	75	96	122	105
106	97	91	117	45	28	76	102	132	105
134	109	95	123	79	72	113	119	136	102
159	103	73	123	122	131	152	131	149	127
138	96	61	120	126	134	141	107	150	150
97	83	48	109	94	96	99	71	140	138
112	70	40	95	82	64	98	101	121	117
130	62	38	84	82	56	108	128	107	101
125	63	42	84	82	55	104	123	105	98
122	84	64	106	81	55	102	120	127	117
132	112	96	131	85	58	108	129	148	129
127	118	116	117	90	72	109	115	119	98
98	82	80	75	91	89	96	82	72	56
70	48	31	64	76	74	74	52	80	74
52	74	56	96	43	30	49	44	116	107
78	107	98	123	49	33	64	74	133	111
112	129	125	142	77	63	97	100	148	121
134	143	138	150	100	86	121	116	151	122
147	142	134	149	115	99	133	129	151	124
158	143	131	153	128	109	145	139	162	137
157	125	102	139	131	112	145	137	153	135
157	104	78	124	130	111	145	138	141	127
223	131	87	158	139	102	176	241	193	203
224	139	97	166	145	101	188	212	198	206
153	161	122	191	116	83	141	134	228	223
83	174	143	195	70	62	77	77	215	196
74	171	151	180	70	67	72	64	189	168
119	126	116	130	113	115	119	99	139	123
162	106	106	106	161	159	164	137	107	86
177	117	126	111	193	196	184	153	102	66
153	114	123	108	176	175	163	136	102	68
141	133	122	134	150	128	146	129	134	113
142	117	81	141	114	82	129	139	163	154
132	95	66	121	97	68	113	132	149	141
157	100	71	124	115	84	137	155	151	148
172	89	59	118	115	78	147	173	149	147
156	86	55	111	100	65	128	153	144	140
143	78	47	104	93	62	118	138	134	127
148	71	30	95	96	65	123	140	123	113
144	58	14	84	88	55	118	133	110	99
124	33	14	70	70	21	98	114	97	87
101	48	37	83	46	16	73	94	107	93
100	99	91	127	41	24	70	99	144	119
125	142	144	149	67	48	98	117	152	119
161	140	144	137	117	119	148	139	128	92
151	95	78	105	162	159	158	126	114	74
138	72	40	96	160	157	149	117	123	118
117	68	38	93	124	130	125	92	123	119
112	62	37	84	86	73	102	99	109	104
124	62	38	84	78	53	103	121	106	97
122	64	44	84	80	55	102	119	104	97
122	93	72	115	79	51	100	119	137	127
123	118	106	129	78	52	101	121	140	122
121	110	115	103	91	77	109	109	99	79
95	67	57	67	88	82	92	80	70	58
65	54	36	73	70	66	69	50	92	88
56	80	60	101	41	26	49	51	121	112
75	117	108	132	49	35	63	73	142	122
101	135	130	145	70	58	88	91	148	123
130	140	140	144	98	87	116	111	143	115
140	147	143	152	113	100	129	122	152	125
157	151	137	158	130	113	145	136	164	140
164	128	101	144	138	119	154	144	160	143
162	109	78	131	134	113	151	143	153	141
219	126	84	151	139	105	176	240	185	197
233	142	100	168	155	109	199	218	203	214
161	161	119	187	127	91	152	143	224	222
102	173	136	195	94	84	96	94	214	198
99	177	157	183	93	91	97	87	187	166
111	145	141	148	105	105	109	93	155	135
150	122	120	126	144	143	150	125	128	106
174	120	125	117	171	170	175	149	113	79
172	114	120	113	180	178	177	149	110	71
167	105	99	111	174	157	172	146	119	90
175	98	71	120	145	107	165	170	145	131
158	100	71	127	112	79	135	163	160	148
153	92	64	121	103	70	128	155	152	145
146	79	47	105	92	58	118	148	136	132
142	65	31	90	89	55	115	141	121	113
140	57	20	82	86	54	113	136	111	101
132	46	15	72	75	44	105	127	101	91
116	33	18	64	58	23	88	110	91	82
103	50	37	81	46	17	75	97	108	94
99	89	80	116	41	24	70	97	134	109
111	130	129	142	56	35	84	104	150	118
135	137	135	123	84	72	114	121	110	83
150	148	145	141	135	130	146	124	127	107
47	115	109	113	95	57	55	38	113	87
74	56	33	78	92	75	78	75	101	91
131	57	32	80	132	130	135	114	104	96
122	56	36	78	92	76	111	111	100	92
123	67	45	89	77	51	102	122	110	100
117	77	56	99	77	53	98	115	119	109
122	99	79	120	78	49	100	121	140	128
120	123	119	126	78	52	98	119	130	110
114	104	106	95	88	74	104	103	90	71
95	61	43	67	89	84	93	81	74	67
64	66	45	87	71	67	68	48	107	104
60	94	73	117	42	26	51	56	136	125
77	129	121	144	52	38	65	74	152	130
96	137	131	142	68	56	83	89	143	120
125	129	131	130	96	87	113	108	126	100
132	150	149	151	108	100	124	113	150	121
146	156	141	160	124	112	137	125	166	142
164	119	89	134	138	122	154	143	154	140
163	95	66	117	135	113	151	144	140	132
216	120	79	144	140	105	174	241	176	189
239	132	94	157	168	122	210	228	189	202
179	144	105	163	167	120	178	160	195	199
120	166	130	185	116	99	116	113	206	193
110	187	160	191	103	100	106	98	196	175
116	162	151	161	112	111	115	99	166	147
146	141	136	143	138	139	145	122	146	123
167	131	131	132	154	149	162	141	131	99
177	118	122	121	161	153	172	151	122	83
180	101	93	112	155	137	170	156	122	90
169	90	73	114	124	98	150	154	132	108
147	88	64	116	96	67	121	140	143	125
137	81	45	105	84	54	109	133	137	126
132	59	24	84	77	48	104	130	115	107
127	50	18	77	72	42	99	123	107	98
121	38	18	65	62	35	92	116	94	85
111	37	22	66	51	21	82	108	94	87
106	48	27	78	45	18	75	102	107	100
104	68	50	97	42	21	72	101	122	110
108	95	87	115	51	29	79	103	131	106
118	108	112	113	71	52	96	107	118	89
138	89	77	80	95	88	121	119	65	40
118	116	94	118	114	104	115	93	125	108
10	95	83	102	26	6	12	4	114	94
67	59	43	82	53	33	57	69	98	84
143	58	38	80	123	108	135	130	98	87
127	59	40	81	91	69	111	118	101	90
119	67	47	88	75	50	98	116	108	97
110	88	67	111	73	51	93	108	132	121
123	111	92	134	78	50	102	122	148	128
117	125	123	124	78	55	98	115	124	103
116	97	95	89	90	75	106	104	84	64
95	54	34	64	92	87	95	79	73	68
57	73	51	95	66	58	62	43	116	116
63	99	78	119	40	24	52	60	138	130
81	132	124	141	56	42	69	78	146	125
100	133	128	134	71	59	87	93	131	111
128	127	130	125	103	96	119	110	119	95
124	151	152	150	105	99	119	105	146	119
134	154	137	159	116	109	128	115	166	144
153	109	75	128	130	117	145	134	152	143
162	93	66	117	138	119	152	144	139	133
214	116	76	141	142	107	174	241	173	185
238	126	89	152	175	127	217	227	183	197
192	141	102	169	191	135	203	169	203	214
149	165	126	181	149	128	149	136	198	188
129	196	163	197	124	120	127	117	202	184
130	169	157	172	124	123	128	112	178	158
143	152	147	156	135	132	140	120	160	136
164	141	137	146	147	140	157	138	148	120
170	118	116	126	143	131	159	145	133	101
161	99	94	113	125	108	145	141	125	94
145	88	74	104	103	80	125	132	123	98
140	74	49	96	86	59	113	131	121	101
131	58	27	83	73	46	104	128	112	99
119	48	22	74	60	35	92	113	104	92
110	41	19	68	53	30	82	104	97	91
111	40	21	70	51	25	81	105	100	97
109	55	29	85	47	21	78	106	115	113
110	64	35	93	46	20	78	108	123	120
111	81	57	113	48	21	78	112	140	132
116	107	92	132	63	36	90	112	152	132
124	109	105	122	82	66	105	111	131	102
132	65	54	73	96	89	118	111	72	39
108	70	57	90	97	88	103	84	103	75
21	95	79	118	23	12	25	11	135	115
96	87	66	111	62	50	81	85	128	112
146	73	54	96	115	96	132	129	113	101
126	74	52	96	86	60	106	121	114	102
123	84	62	108	83	57	103	119	127	116
118	107	83	130	81	55	100	115	152	139
125	127	107	142	80	51	103	124	150	126
116	126	124	125	79	59	98	113	125	106
118	95	91	88	90	75	106	108	83	63
92	50	31	63	92	89	94	77	74	71
51	77	54	98	59	48	55	40	119	123
66	104	82	127	42	24	54	66	148	140
82	134	128	141	58	43	70	80	144	123
108	134	130	131	77	64	94	100	128	110
133	133	136	128	111	102	125	116	118	96
127	152	152	150	114	107	124	108	143	119
132	145	122	150	120	113	129	113	160	144
157	98	66	117	137	124	152	138	140	136
166	99	73	122	140	118	157	150	143	139
203	112	73	136	142	107	171	231	167	179
237	123	87	150	173	128	214	226	182	195
212	150	111	181	194	140	214	185	217	226
170	166	126	186	168	143	170	152	203	199
153	190	155	189	147	142	151	136	196	183
145	181	163	182	138	136	143	125	188	168
151	166	156	170	138	135	147	129	174	152
160	153	143	160	136	129	150	136	165	140
160	130	117	144	125	111	144	137	157	130
147	104	89	126	103	85	126	130	147	121
136	79	60	105	83	61	113	123	131	112
127	63	42	94	67	42	101	117	123	110
118	57	35	86	56	32	90	111	114	105
113	49	25	75	56	31	85	107	103	99
119	48	23	79	58	31	88	113	110	109
120	56	27	87	57	28	88	116	118	119
118	67	35	96	54	25	86	117	126	129
117	75	43	105	52	22	85	119	134	135
120	101	71	134	58	25	88	123	165	161
129	133	108	162	76	47	104	128	190	172
143	147	134	163	102	82	123	132	174	146
146	119	111	128	118	103	133	127	131	91
131	97	95	113	118	109	126	106	118	69
76	130	114	148	70	55	74	49	160	134
103	125	95	146	75	69	92	78	165	150
129	109	83	131	104	87	118	111	149	137
129	102	72	125	90	64	110	124	141	131
126	105	77	122	90	64	109	123	140	134
123	110	85	126	86	57	104	122	142	134
119	126	106	135	77	48	98	122	140	119
115	124	122	121	81	62	99	112	121	102
116	96	92	88	90	75	105	107	82	64
91	51	31	64	91	88	92	75	76	73
55	79	55	98	52	40	55	36	117	122
75	107	85	126	47	29	61	75	145	139
94	134	127	137	67	47	81	94	138	118
109	133	131	127	79	66	96	103	121	104
139	132	136	125	120	111	134	122	114	93
129	149	146	146	120	114	127	110	142	118
135	126	99	134	127	122	133	114	149	136
159	88	61	107	141	127	153	138	126	123
171	105	79	126	142	118	159	155	145	141
209	109	71	133	146	110	173	240	164	177
242	120	86	146	169	126	209	235	177	190
227	154	115	183	191	139	223	195	215	221
183	182	137	198	188	160	189	163	214	208
165	189	150	194	163	154	165	148	202	192
158	180	156	182	148	141	154	137	188	172
149	174	159	178	131	122	142	129	184	164
158	166	153	175	130	117	146	137	183	160
164	146	124	168	121	100	144	147	188	166
151	124	98	153	97	71	125	138	179	163
136	101	70	135	77	48	107	128	168	160
128	86	51	119	68	38	98	123	154	153
129	69	37	97	69	38	99	127	130	132
135	54	25	82	73	41	104	133	111	116
136	61	28	90	71	37	104	135	121	127
133	68	32	95	68	34	101	134	125	132
130	72	37	98	64	30	97	133	126	134
127	84	50	113	63	27	95	132	142	148
134	111	78	141	74	37	104	139	174	178
144	144	114	180	93	63	119	149	216	198
184	174	157	190	125	100	153	172	197	169
180	156	153	153	149	129	168	153	152	125
151	124	126	124	146	138	149	127	115	74
125	140	134	145	127	121	126	97	143	108
86	135	108	150	84	83	86	57	162	150
105	125	98	139	88	82	99	86	150	143
130	116	85	129	96	73	115	123	138	135
122	111	80	122	92	66	108	119	134	135
114	98	72	113	84	57	100	115	129	131
113	125	103	140	74	46	95	120	148	131
123	120	116	117	89	68	107	120	115	97
113	90	87	83	93	77	106	104	77	59
90	53	33	66	91	89	92	76	78	77
62	83	58	102	56	46	59	42	121	127
88	107	85	125	56	36	74	86	142	139
105	139	133	140	74	53	91	106	138	120
110	135	133	126	82	67	97	105	118	101
139	128	130	122	124	118	135	121	113	94
122	139	131	138	120	115	123	105	137	118
125	114	86	126	118	115	125	107	141	132
157	97	69	115	142	130	153	138	133	132
174	104	78	121	143	118	161	158	140	139
219	109	72	137	148	110	180	238	167	178
244	116	83	140	169	125	211	236	169	181
229	140	102	155	191	143	223	203	180	185
194	184	140	198	186	159	196	174	209	201
180	189	147	194	171	159	178	161	203	192
167	177	149	178	154	144	163	149	186	175
165	181	158	185	145	132	157	146	191	176
170	182	161	188	138	117	155	152	194	177
175	167	135	190	124	96	150	162	212	199
165	143	108	169	106	71	135	159	198	195
153	118	78	145	89	53	121	151	179	184
151	95	53	123	87	49	119	154	158	167
153	72	34	97	89	51	122	158	128	140
147	62	28	89	85	46	116	154	118	129
145	66	31	92	83	43	114	153	121	133
144	71	34	95	81	40	112	151	122	134
134	72	37	96	73	35	103	141	121	132
131	84	50	110	73	33	102	140	136	146
141	112	80	141	87	49	115	150	173	187
158	152	117	186	107	74	131	171	217	219
230	191	168	193	149	109	193	233	195	174
207	163	161	154	209	185	219	173	149	128
154	138	145	124	166	178	159	133	109	79
132	150	153	143	145	148	140	107	129	94
88	156	131	164	107	112	100	64	170	155
98	140	111	149	96	97	101	73	158	148
127	125	96	134	106	88	119	117	143	138
123	109	76	120	101	76	114	123	134	135
99	88	60	106	79	55	90	101	123	128
110	119	99	132	72	43	92	119	142	134
129	119	115	112	91	70	112	127	109	93
111	88	85	82	93	77	105	101	78	61
89	51	32	62	89	86	90	76	74	74
64	78	54	97	65	55	63	52	115	121
89	110	87	131	57	37	76	91	147	145
96	148	142	149	66	49	83	98	146	126
113	138	137	129	84	70	101	109	122	102
139	124	126	118	130	123	137	122	111	91
120	134	124	136	122	114	122	102	138	120
116	110	82	123	110	107	116	100	138	133
149	101	75	116	133	122	145	132	133	132
167	108	80	124	138	113	155	153	141	141
231	115	76	144	151	111	187	245	176	186
233	121	85	149	165	123	202	224	180	194
217	120	90	141	184	142	207	195	162	170
194	171	129	177	186	156	194	173	189	181
175	188	153	190	169	153	175	159	198	185
167	178	154	182	154	139	163	152	187	177
167	173	148	168	147	130	160	150	173	165
175	172	146	166	142	118	160	163	170	164
184	162	129	162	133	99	159	179	174	174
178	134	99	145	117	77	146	178	163	172
167	114	74	133	104	62	135	175	157	172
163	94	51	114	102	60	131	174	142	159
157	70	33	91	99	57	127	171	117	133
144	64	29	86	89	47	116	157	112	128
135	66	31	87	81	43	108	148	111	127
143	69	34	88	86	44	114	156	111	126
134	70	35	90	80	39	107	148	113	127
131	83	48	106	79	38	105	145	131	143
142	113	80	138	92	54	117	153	162	179
163	159	124	180	114	80	138	181	194	204
222	184	163	175	162	113	203	241	174	163
198	151	148	136	243	218	225	174	128	114
147	124	128	102	169	198	154	128	83	66
119	139	138	130	134	136	129	98	116	97
86	147	123	152	104	109	98	64	161	152
100	136	108	143	112	120	110	76	156	145
130	118	92	129	119	106	127	116	142	132
137	104	72	119	112	88	126	132	138	132
112	89	60	111	91	62	102	112	131	132
99	120	98	130	66	36	82	107	137	131
123	123	117	114	85	63	105	124	110	97
111	92	88	83	94	77	104	100	78	62
88	50	31	60	89	84	90	77	70	69
66	76	51	94	71	63	68	55	112	118
83	108	85	124	56	38	72	86	138	137
91	142	135	140	63	47	78	91	137	119
110	137	136	129	83	68	98	108	123	104
137	121	121	115	130	125	136	123	109	91
120	126	116	127	125	119	123	105	128	113
108	112	84	124	108	103	110	95	140	136
139	101	73	117	127	117	136	124	134	134
167	109	80	126	144	115	158	158	143	143
226	120	80	148	149	111	186	246	181	192
237	127	91	155	165	123	200	228	185	198
216	138	106	171	185	139	209	191	200	210
184	162	127	188	180	149	186	165	205	197
167	180	153	184	163	150	167	153	189	175
172	179	158	175	161	145	169	157	180	168
172	160	145	160	153	131	165	159	160	151
179	152	134	148	149	123	166	172	148	143
188	133	108	129	144	106	166	189	132	137
177	118	86	119	126	85	150	188	129	140
166	100	65	108	116	72	141	184	123	142
153	84	46	97	106	63	129	169	118	136
145	69	35	83	100	58	123	162	103	122
137	60	28	71	90	50	113	152	90	108
128	57	27	69	83	44	105	144	86	104
132	60	29	74	84	44	108	149	92	109
128	65	32	81	83	41	105	145	101	117
119	77	44	94	77	38	98	136	115	130
131	106	75	122	87	49	110	145	140	153
155	139	114	145	112	79	134	170	153	158
180	151	138	139	148	110	171	198	136	132
174	121	112	98	205	181	189	161	81	75
145	97	94	85	162	177	151	126	59	47
123	133	119	132	141	144	134	102	128	123
90	127	97	132	111	116	103	68	144	144
89	117	88	126	108	115	102	71	139	137
128	111	82	125	118	101	124	120	140	135
132	110	77	130	107	84	120	126	150	147
113	112	83	136	88	64	101	111	155	154
103	135	111	139	67	36	85	109	141	133
117	121	113	112	88	64	104	120	109	97
103	90	87	83	98	81	103	97	75	61
82	56	35	65	89	87	86	74	75	74
62	81	56	98	68	63	65	53	117	124
82	103	81	118	59	41	72	87	131	132
94	143	135	142	69	51	83	98	139	122
106	141	137	133	82	67	96	105	127	107
128	133	132	128	126	121	129	116	122	100
120	132	117	131	128	122	126	106	132	115
114	104	78	114	115	106	116	102	128	123
141	99	73	113	136	122	141	128	128	126
165	108	80	124	148	120	158	158	140	138
216	119	78	142	144	106	175	234	172	185
231	132	94	160	164	121	199	216	192	207
204	156	116	189	171	134	198	181	226	233
175	181	140	205	161	141	172	158	219	209
164	185	160	191	156	141	162	149	192	177
165	170	154	166	157	139	162	151	169	156
170	163	152	155	156	132	163	159	155	145
176	155	141	145	153	125	165	172	141	134
182	127	107	117	152	117	167	186	116	118
160	104	79	96	129	92	144	173	96	109
142	83	54	80	112	74	127	159	84	103
131	70	40	73	100	62	115	147	83	104
129	64	35	68	95	57	111	146	79	99
126	56	30	60	92	55	109	144	70	89
115	53	26	59	83	46	97	133	69	90
106	50	24	59	75	41	91	125	72	92
111	55	27	65	78	41	94	130	81	97
108	65	36	77	73	37	90	129	93	110
112	92	66	102	78	43	95	131	112	128
130	109	92	104	99	68	115	145	103	111
144	109	102	92	126	101	136	151	79	82
140	67	57	50	142	127	143	136	32	29
129	86	79	83	143	139	137	117	71	64
108	109	87	103	130	128	119	93	105	110
59	96	72	99	86	89	75	48	107	113
81	98	70	102	99	95	92	73	111	117
128	100	69	109	113	88	122	129	120	126
128	105	76	117	107	82	118	129	132	139
113	115	88	125	89	63	101	113	137	138
113	128	106	128	78	45	95	121	128	120
119	120	113	114	95	73	109	123	111	100
101	97	94	88	98	83	102	97	79	64
81	56	35	64	89	85	84	72	73	73
53	82	57	99	61	54	57	46	116	125
74	106	84	121	55	37	66	79	135	137
88	150	139	148	69	52	80	94	145	131
100	143	140	135	81	68	92	101	129	113
124	144	144	138	123	117	125	114	129	105
117	139	124	136	125	119	123	104	136	120
125	103	80	110	127	119	129	112	119	114
150	93	71	102	148	132	152	138	112	111
160	115	87	126	149	121	155	152	136	133
208	116	77	144	146	107	174	215	176	188
209	137	96	163	155	117	186	201	195	210
189	160	115	186	161	126	180	169	224	236
155	193	140	209	141	125	150	142	221	211
150	202	171	191	143	132	147	137	192	178
162	162	146	152	158	146	161	149	156	145
161	142	130	129	155	139	160	153	129	118
164	138	130	122	156	133	160	161	113	103
153	115	104	98	146	120	150	156	88	88
128	96	78	83	121	94	125	138	73	82
109	78	54	72	100	72	105	125	68	83
98	63	36	63	87	56	92	117	66	86
98	57	33	57	82	51	90	118	62	84
101	56	29	57	84	55	93	116	62	83
96	51	23	54	78	47	85	113	60	81
86	43	20	48	71	40	78	107	58	79
86	44	21	50	68	37	76	108	60	79
91	54	31	62	67	34	78	114	72	89
93	83	62	86	68	36	79	115	91	107
102	98	87	92	82	53	92	119	83	90
114	108	103	94	107	86	110	121	77	77
108	59	44	58	115	104	114	109	39	25
103	65	47	79	123	116	115	98	80	75
46	84	62	81	65	58	57	41	81	89
54	67	46	69	67	61	66	50	73	82
108	72	50	76	116	100	113	106	83	92
122	77	50	82	103	78	114	126	90	98
117	83	59	91	98	73	108	120	101	109
109	102	76	111	87	63	99	112	121	126
114	121	100	120	86	54	99	123	119	113
109	122	118	115	89	67	100	115	110	99
105	98	96	90	101	85	105	101	83	67
83	55	35	61	94	90	89	73	66	66
52	78	53	92	61	53	56	43	108	119
70	105	82	119	52	35	62	75	130	134
86	145	134	144	67	51	78	91	141	130
96	149	144	142	80	68	90	98	134	119
120	145	145	140	119	114	122	112	130	109
120	150	137	146	128	123	125	106	143	125
129	115	91	115	131	125	133	116	120	116
149	95	73	102	148	133	151	138	110	110
157	113	85	125	149	124	155	149	135	135
196	122	83	153	139	103	168	200	187	201
194	143	101	169	146	111	175	184	199	216
176	162	119	185	151	124	170	159	215	228
152	182	129	180	145	129	151	140	195	189
138	182	151	168	134	126	136	128	174	163
134	146	138	137	135	131	137	125	138	129
144	127	123	122	148	138	148	136	117	105
141	127	126	111	147	133	145	139	96	81
125	110	107	93	134	118	130	128	76	72
105	95	82	84	112	94	109	112	75	82
93	85	61	82	97	75	95	106	82	94
82	75	45	79	82	58	82	99	85	102
73	62	31	67	69	44	71	93	75	98
73	57	26	62	68	46	70	91	70	93
79	57	22	61	70	45	73	96	69	89
77	48	22	52	68	40	72	97	60	81
72	41	22	44	62	34	67	95	51	73
74	45	25	49	60	32	66	98	56	77
79	73	55	75	61	32	69	104	77	94
87	105	94	101	74	48	80	106	95	103
97	130	127	120	97	79	98	108	107	102
96	113	102	113	107	98	104	99	99	63
84	113	96	133	108	101	98	81	137	105
13	103	83	97	24	17	23	10	94	91
68	59	35	62	58	51	67	71	67	80
116	67	42	74	116	95	116	117	83	98
106	69	42	77	91	68	99	112	85	96
107	73	49	81	89	67	99	112	91	100
106	95	71	103	88	65	98	112	113	121
113	116	96	120	90	60	101	124	124	123
108	119	115	110	89	62	98	118	106	97
99	98	98	90	96	79	100	98	83	68
84	58	38	59	95	92	90	75	62	60
55	70	47	85	66	58	60	45	100	110
60	102	79	114	43	27	52	65	124	130
79	141	127	140	62	48	72	84	137	130
86	152	144	144	75	64	83	89	137	123
112	152	150	144	113	107	115	106	134	116
121	165	156	160	129	121	126	110	154	135
126	145	119	148	131	124	130	114	151	143
145	120	88	129	147	131	148	136	139	140
151	114	82	124	149	127	152	143	137	140
195	131	89	161	138	100	167	197	193	208
191	148	105	167	147	111	173	178	195	207
149	168	121	184	130	109	146	137	210	215
129	164	127	184	124	117	130	117	196	195
117	161	138	159	117	114	119	108	164	157
117	135	125	128	124	122	123	107	129	121
130	126	121	111	141	135	138	121	104	90
130	127	129	104	145	136	139	126	84	67
125	111	110	93	140	126	133	125	76	67
118	91	77	85	127	111	124	121	80	81
105	84	59	91	108	86	107	113	97	107
92	86	57	97	90	66	91	105	108	123
84	74	42	85	76	53	79	98	96	115
75	61	31	69	67	43	70	92	80	103
71	60	27	64	64	40	67	91	73	93
76	61	22	64	68	42	71	96	69	88
73	50	20	52	65	38	68	94	58	78
67	39	22	42	58	32	62	89	48	70
66	51	35	53	54	30	60	89	57	77
73	83	69	79	65	40	68	95	78	90
87	121	114	117	87	67	87	101	111	113
102	151	146	140	106	95	107	107	128	107
102	135	137	132	125	114	115	94	126	92
14	111	103	95	33	17	20	8	86	73
61	58	30	64	43	30	53	66	72	86
127	62	35	71	119	97	123	126	82	99
100	63	36	69	90	67	94	104	78	90
103	62	39	68	84	63	95	111	75	85
102	80	58	89	86	65	96	108	98	107
111	104	81	111	91	61	101	122	119	124
109	111	105	107	88	61	98	119	103	95
101	98	100	90	95	80	101	101	83	69
85	66	45	65	96	92	91	76	68	62
54	68	44	82	69	59	60	45	94	106
52	92	72	102	41	24	46	57	110	117
67	134	121	133	58	45	64	72	131	126
79	153	145	145	72	61	77	82	138	126
107	154	149	145	110	101	110	104	136	120
118	167	160	161	125	117	124	111	154	136
129	160	138	159	135	125	134	119	160	152
142	130	97	133	147	132	146	133	141	143
142	111	81	118	145	127	144	134	127	131
213	133	93	160	147	109	181	217	191	208
199	144	108	173	153	114	182	184	200	214
128	170	126	198	115	97	128	118	224	228
101	186	140	205	95	90	103	91	219	213
96	161	134	164	98	101	101	86	169	164
111	123	118	122	119	120	118	101	121	113
133	113	109	96	143	140	140	120	85	73
144	122	124	96	158	148	153	133	74	54
152	113	114	100	161	147	157	141	86	72
143	120	105	123	146	129	146	135	120	107
136	113	75	129	129	103	133	135	147	152
124	114	77	122	103	75	113	134	136	148
101	92	59	102	83	57	92	114	114	127
87	75	43	86	74	49	80	100	99	121
86	66	36	75	74	47	79	101	85	106
85	65	32	70	74	48	80	104	77	97
83	65	24	68	73	45	77	102	73	92
74	53	19	56	66	40	70	94	61	80
64	40	23	43	59	32	60	85	49	70
62	52	36	52	52	29	55	84	55	73
77	86	73	84	70	48	74	96	84	96
101	130	127	118	95	80	101	111	109	107
128	132	136	111	139	135	137	119	95	79
71	88	75	79	112	72	79	50	65	53
79	66	32	81	75	40	68	72	94	105
123	65	33	77	113	103	119	113	89	106
100	61	34	69	94	77	98	101	80	92
103	57	34	67	82	59	94	111	75	85
101	69	47	78	86	63	94	108	87	95
112	92	69	99	91	63	101	121	106	114
114	112	100	110	92	63	103	126	110	106
108	102	104	93	101	81	105	108	86	72
88	72	56	69	99	95	94	80	69	61
58	64	40	74	72	65	64	48	85	96
48	87	66	97	42	26	44	52	105	111
68	123	111	124	59	45	64	73	122	120
80	150	141	142	73	62	79	82	134	127
107	151	146	143	110	99	111	104	135	123
114	164	156	156	119	109	120	109	149	134
128	156	140	152	135	123	133	122	151	142
141	129	100	128	147	132	145	134	133	134
141	95	71	97	145	128	144	135	104	108
208	131	91	154	150	109	180	218	181	198
174	151	113	173	141	104	163	164	199	214
100	178	132	194	87	71	102	93	219	225
57	194	144	198	53	48	60	51	211	209
73	159	129	157	77	81	78	64	163	158
115	112	103	104	125	125	122	102	102	94
144	101	99	83	154	150	150	128	70	58
160	118	120	95	165	160	165	142	73	51
157	121	124	113	154	148	159	138	105	86
148	126	107	126	142	130	148	129	130	112
170	103	70	102	132	104	153	153	114	115
167	105	76	113	109	79	134	173	126	129
145	110	79	117	101	72	122	154	130	130
120	87	53	103	94	62	107	131	120	133
122	82	48	97	98	64	110	134	113	132
122	81	50	92	102	67	112	138	106	125
115	76	45	84	98	62	106	132	93	112
95	75	34	80	86	54	90	112	86	102
75	65	25	69	73	43	73	94	73	90
59	52	26	51	55	25	55	78	52	82
63	58	41	45	49	30	55	84	42	76
86	82	76	60	75	56	81	101	47	72
120	99	89	82	119	116	124	121	44	54
150	93	64	104	169	163	160	127	92	89
142	88	50	105	159	141	145	115	123	137
115	79	41	93	127	126	122	93	109	126
96	63	33	73	95	82	97	94	86	101
107	59	34	68	85	60	97	116	78	88
103	62	41	71	86	61	95	111	79	88
100	84	62	92	82	58	92	110	99	107
112	108	91	109	90	63	101	124	112	115
112	112	111	105	103	82	108	115	98	87
88	80	72	73	100	95	94	82	67	56
61	53	32	60	75	72	69	51	69	79
49	85	63	95	45	30	46	51	104	114
64	115	101	113	55	41	60	70	112	112
77	141	132	133	73	59	76	81	127	120
106	147	139	137	112	99	111	104	130	121
118	150	143	142	127	113	124	115	136	124
131	149	136	146	137	121	135	127	142	135
135	128	103	127	140	128	138	130	131	131
136	89	66	91	143	126	140	133	95	99
196	128	89	149	151	108	176	207	172	186
154	147	108	164	128	86	144	147	183	197
59	169	120	171	46	38	56	56	189	198
38	180	127	171	43	42	44	36	183	187
78	145	113	139	87	89	86	70	147	143
129	93	88	87	138	137	135	113	86	78
156	95	95	75	160	157	160	136	59	46
154	117	120	104	150	145	155	134	87	60
137	115	109	110	133	129	138	119	108	90
130	101	84	102	121	109	129	114	108	94
144	71	48	73	105	80	125	137	79	74
131	87	65	97	96	75	113	131	108	107
141	104	79	110	113	85	129	137	122	118
148	100	69	120	116	83	134	151	143	146
150	96	60	118	119	82	136	160	142	155
146	102	66	121	120	82	134	159	140	159
138	95	61	109	117	79	127	150	128	146
128	93	62	107	113	77	120	141	121	137
107	102	68	116	101	68	103	121	126	139
83	106	73	115	84	38	81	97	123	140
59	107	81	103	52	22	53	80	95	132
68	108	86	100	58	39	64	90	71	122
92	118	92	124	90	76	93	104	95	124
122	116	80	132	126	130	131	119	145	156
122	107	67	122	137	146	135	106	141	156
94	95	54	110	117	122	109	77	130	146
90	75	39	91	93	80	93	88	105	120
108	62	36	75	88	61	99	118	86	97
106	66	44	76	88	62	98	114	85	96
96	84	61	92	81	57	90	105	99	107
107	105	87	107	90	63	99	119	108	114
112	116	107	109	103	79	108	118	102	97
93	89	85	76	103	98	99	87	68	57
67	46	28	49	83	82	76	57	55	61
49	73	53	83	49	35	49	50	91	103
64	113	97	110	54	37	59	72	108	110
83	135	126	129	80	63	82	88	123	119
105	134	127	127	113	98	110	106	120	114
118	138	131	132	126	112	123	117	124	117
126	142	130	136	133	118	130	124	131	126
128	116	96	113	138	124	133	126	114	115
134	94	72	95	140	123	138	133	100	103
177	126	89	144	143	105	163	192	165	180
135	145	113	165	108	65	123	133	184	197
34	152	111	165	27	22	33	33	182	193
38	157	114	159	43	47	48	33	172	177
95	122	98	125	102	105	103	84	135	134
143	79	75	73	151	148	149	126	74	67
152	95	97	77	151	145	154	134	58	42
131	125	126	116	128	122	132	117	106	80
117	105	88	100	109	103	116	101	105	91
116	82	69	89	98	83	109	103	97	85
99	64	46	73	92	70	102	94	81	69
78	85	65	96	59	41	70	83	107	100
132	101	81	109	104	78	118	130	120	115
154	106	79	125	121	91	140	152	147	145
176	111	74	133	138	100	158	181	162	168
167	110	70	131	137	96	152	176	157	173
151	110	71	128	128	91	140	161	153	170
145	108	72	127	124	88	135	156	147	165
143	115	80	130	128	94	136	153	149	165
131	126	94	142	125	85	127	140	159	173
96	139	105	156	102	46	93	108	170	181
58	135	103	151	59	29	54	79	163	170
64	133	102	147	63	48	64	82	161	167
75	132	95	149	85	78	82	83	167	176
73	119	78	134	94	96	86	71	153	166
63	104	62	120	87	88	78	58	141	156
91	92	52	109	87	68	91	94	127	141
116	79	48	92	94	66	106	127	106	118
110	75	49	84	90	62	99	120	95	105
102	87	63	94	85	61	94	110	102	111
109	104	84	106	94	68	102	119	108	115
114	116	103	109	104	79	109	123	105	104
105	97	92	83	113	100	110	101	75	64
73	52	35	53	91	91	83	61	56	56
46	67	46	78	49	38	48	45	88	100
62	106	94	104	52	36	58	71	101	104
89	125	115	118	88	71	90	93	112	111
108	115	108	108	116	100	113	110	101	99
122	125	119	119	128	111	126	122	112	108
128	122	112	116	138	121	133	128	112	109
129	108	90	106	141	126	135	128	104	106
126	88	69	87	134	118	130	125	89	93
164	121	87	144	133	94	149	176	165	180
116	142	106	158	89	49	102	118	176	187
20	150	112	164	19	17	21	19	182	191
38	148	108	148	43	44	46	32	159	165
106	109	91	113	112	113	113	94	122	125
143	73	72	71	150	146	148	127	69	65
132	104	108	89	133	124	135	121	70	47
122	130	122	124	115	104	120	110	122	100
104	86	63	89	90	80	98	92	100	91
107	75	72	84	112	98	118	89	92	83
143	88	63	104	127	93	142	127	99	78
101	86	69	98	63	34	83	105	111	100
116	108	92	119	90	67	101	114	127	118
146	115	89	136	116	87	132	142	152	149
186	118	85	143	139	106	167	185	170	171
199	119	79	144	158	116	181	201	174	185
173	118	76	138	148	105	162	181	165	182
156	116	76	134	133	94	145	167	160	177
154	112	75	129	131	97	144	163	152	168
162	120	86	138	144	111	156	168	160	175
153	140	104	158	148	112	150	156	178	190
114	155	117	174	125	79	112	121	194	200
67	154	116	175	82	49	70	85	194	196
55	147	107	164	69	52	61	68	184	190
55	133	91	148	72	62	64	62	168	179
75	112	69	128	79	65	79	81	147	164
108	96	56	110	92	67	101	116	129	144
123	84	53	94	102	71	114	134	109	121
116	77	53	86	94	63	105	126	96	106
106	86	63	95	88	63	97	115	103	112
105	105	85	110	91	68	98	112	114	119
117	117	103	113	105	83	112	125	111	109
119	96	91	87	122	105	122	117	80	70
84	73	54	75	106	105	98	71	79	73
47	68	42	77	58	44	56	44	87	98
63	89	77	87	53	36	57	71	84	87
94	112	100	107	96	77	97	99	101	101
113	109	98	103	118	99	116	116	97	95
121	116	108	109	126	107	123	122	102	99
129	115	103	108	139	122	134	129	103	100
128	108	91	103	139	125	133	127	101	103
123	81	63	79	133	118	127	122	80	84
151	123	90	148	122	83	137	161	168	184
102	141	104	155	79	43	89	102	173	186
18	150	112	158	19	17	18	17	177	187
45	136	106	144	51	54	53	38	157	163
115	97	81	104	123	122	122	102	114	113
136	73	72	70	142	136	139	122	65	60
132	120	124	111	129	114	130	122	91	62
124	135	116	134	102	85	112	114	138	119
92	78	57	91	88	87	93	78	108	101
165	70	67	71	143	122	161	141	80	79
223	90	57	85	168	133	201	199	84	70
141	82	70	95	89	53	121	136	108	99
114	121	110	133	84	64	98	112	140	125
140	135	107	153	117	90	130	132	168	162
167	130	96	154	130	102	152	164	180	179
202	124	86	148	156	121	183	199	178	184
201	119	79	140	167	123	186	202	170	185
173	116	76	133	147	105	161	181	160	178
154	113	77	133	127	92	142	165	158	174
163	120	84	140	136	103	155	171	164	178
170	131	94	149	150	119	164	171	170	182
175	146	109	163	160	127	169	173	186	194
146	160	120	178	143	104	142	148	200	204
111	163	121	183	112	77	109	119	205	208
103	152	108	168	98	71	100	111	188	197
114	127	84	142	100	74	108	122	160	173
121	100	60	113	103	74	113	130	130	146
124	83	53	92	104	73	114	135	105	117
115	83	56	91	96	64	105	126	102	110
98	91	67	99	83	57	90	108	109	115
96	104	83	109	84	63	90	103	115	120
110	120	105	118	99	82	107	115	118	114
128	115	111	113	131	113	132	125	107	94
101	113	98	116	124	121	115	87	120	107
58	102	68	110	67	58	67	52	119	125
73	107	85	107	63	43	68	81	106	111
107	123	108	118	107	84	107	112	113	113
122	122	111	114	125	101	123	125	109	107
120	117	106	108	128	104	122	122	102	98
124	112	99	103	132	114	126	124	98	95
124	95	82	89	136	121	129	123	87	87
122	75	60	71	133	118	127	122	73	75
143	124	86	140	116	79	129	152	159	175
81	136	97	147	62	34	71	80	164	176
15	145	101	144	14	15	15	14	161	170
51	133	100	132	57	61	59	42	144	150
121	91	75	94	127	126	127	107	101	102
137	80	80	78	141	132	139	124	67	57
147	141	139	134	131	107	140	139	116	89
128	142	102	141	101	80	114	120	150	138
88	77	52	95	84	76	90	69	122	119
85	45	40	54	65	55	78	77	79	80
123	27	18	45	86	80	112	111	50	39
141	77	71	98	89	64	124	135	110	103
125	132	125	140	92	68	108	123	141	122
144	148	122	161	125	103	137	132	170	162
161	136	101	163	132	100	146	157	185	184
189	135	97	162	150	120	172	185	187	187
204	128	86	152	167	129	188	203	180	189
189	118	80	140	160	116	176	193	167	182
156	112	76	132	132	93	144	164	156	171
141	121	82	138	122	91	133	148	161	176
161	127	88	145	136	105	153	166	169	182
184	136	98	153	155	122	172	182	176	185
187	147	109	164	160	131	176	181	185	191
173	162	122	180	150	117	161	167	202	204
149	163	120	180	132	97	141	152	202	202
144	145	104	163	125	92	136	151	183	192
137	119	75	134	118	85	128	145	151	165
126	85	53	93	106	74	117	136	106	118
123	78	54	84	103	70	113	134	94	102
112	88	65	96	94	65	103	123	106	112
94	98	78	103	83	59	87	100	110	112
99	115	100	119	90	77	97	103	120	117
133	135	128	132	132	119	135	129	128	119
116	145	131	145	134	130	128	101	144	130
84	133	106	135	88	81	92	73	139	136
98	127	104	127	81	58	90	102	127	128
121	120	104	114	117	92	119	123	110	109
126	116	106	112	126	103	125	128	107	104
126	122	110	114	134	112	129	128	109	106
123	110	97	101	133	115	126	124	96	93
119	88	75	82	132	117	125	119	79	78
119	70	57	66	129	113	123	118	65	67
137	116	80	133	112	76	126	148	151	167
68	127	94	147	52	27	58	69	164	177
15	132	97	144	13	15	15	13	159	169
61	119	91	126	68	72	71	51	137	143
129	83	67	82	137	135	136	115	89	91
149	95	91	91	147	132	148	137	74	58
162	152	147	145	131	100	147	157	134	112
135	144	107	139	109	88	124	129	148	143
46	88	57	103	47	43	48	37	124	128
7	54	27	80	3	2	5	5	118	89
17	37	42	60	7	7	15	13	53	34
74	81	75	99	44	33	64	76	106	109
141	135	132	134	104	78	123	139	130	114
158	160	137	162	142	120	153	145	166	159
164	151	112	174	147	115	155	159	189	191
188	145	106	173	154	120	172	184	191	192
197	139	94	162	166	132	183	195	188	196
190	126	86	149	164	123	178	193	179	192
170	115	76	137	149	107	160	178	162	177
154	114	77	134	133	95	144	161	158	173
155	118	82	137	126	94	142	162	160	173
177	128	91	145	144	111	162	182	168	180
190	138	100	152	155	125	175	186	171	180
192	145	109	160	159	129	177	182	179	181
181	163	122	179	152	120	168	174	201	198
169	159	118	174	143	108	157	169	193	197
153	143	99	156	135	100	143	159	172	181
137	106	67	115	119	86	128	145	129	140
123	80	54	86	106	74	115	133	95	104
112	80	58	86	96	67	104	121	94	101
97	96	78	100	87	63	92	105	105	109
95	118	100	117	89	73	93	99	119	119
120	123	110	122	118	107	121	118	120	117
127	142	128	140	134	128	132	114	137	129
108	138	119	136	113	106	115	91	135	129
121	129	110	126	106	86	118	119	124	122
129	127	111	121	126	103	128	129	117	115
129	122	109	116	132	108	130	131	111	109
132	113	102	105	139	117	135	132	101	98
127	98	91	90	136	121	130	126	87	82
122	87	76	80	134	121	127	120	76	75
119	67	56	62	130	111	125	120	62	62
127	112	77	129	102	64	115	135	147	164
62	127	90	140	47	23	53	62	157	172
17	128	96	138	16	17	18	13	153	165
75	111	86	119	81	86	84	64	132	136
142	73	65	77	148	145	146	129	78	79
161	115	113	114	150	129	156	151	95	76
168	153	145	145	132	100	150	165	142	127
145	134	103	132	121	98	133	139	138	137
38	90	59	102	43	37	40	33	117	123
38	54	27	56	9	1	24	61	73	88
35	24	26	35	51	39	52	25	37	30
65	72	67	84	35	34	43	53	90	93
144	134	129	130	112	82	131	139	126	113
167	156	137	151	161	136	166	154	153	146
175	156	118	164	164	132	167	165	175	179
192	151	110	165	160	126	178	189	176	181
201	143	98	162	170	137	190	198	183	189
192	130	90	156	169	131	182	193	186	198
182	122	81	140	160	118	172	189	167	180
167	112	76	131	142	101	154	176	157	172
157	114	79	132	130	94	144	164	156	169
173	122	85	137	138	104	158	179	159	171
189	127	92	141	151	117	172	191	160	170
191	137	104	152	156	125	176	187	170	174
189	152	115	163	154	124	175	180	179	183
185	159	123	169	153	122	171	177	182	185
171	157	119	167	145	112	159	168	180	185
152	135	94	144	132	101	143	155	157	165
134	98	66	103	119	87	126	140	112	119
119	83	60	90	105	75	112	128	97	105
112	87	67	88	100	74	106	120	93	100
103	97	82	97	98	76	101	109	98	101
109	118	101	117	106	92	109	108	116	116
121	132	114	129	123	114	123	112	129	128
127	134	120	131	132	123	131	112	129	123
135	133	118	129	129	113	134	127	126	120
135	128	115	122	132	112	134	132	118	114
131	115	101	108	131	112	132	130	105	102
132	102	92	96	137	119	134	132	91	86
130	83	76	75	139	124	134	128	70	66
126	67	60	61	135	120	131	124	57	57
128	50	43	47	137	118	132	128	47	47
115	105	67	111	90	55	102	123	127	145
51	118	82	127	37	20	43	50	143	158
18	121	87	132	19	19	20	15	146	159
76	102	77	112	82	88	82	66	124	133
147	76	75	81	149	146	151	134	76	77
169	138	135	138	156	132	163	161	123	105
167	149	138	141	134	101	150	169	140	132
150	125	91	122	129	106	140	147	126	126
46	79	44	86	49	41	46	40	97	103
14	47	36	55	9	2	14	26	69	83
13	24	18	43	44	45	23	15	43	30
45	66	58	77	35	38	40	50	84	82
130	128	120	122	122	92	129	132	116	108
169	147	128	141	169	147	171	161	142	136
176	146	111	148	170	143	173	169	160	166
186	143	107	156	162	129	176	186	169	176
198	142	99	159	174	141	190	194	176	184
195	129	89	148	172	136	186	195	175	185
193	122	82	140	167	125	181	199	166	177
181	110	72	128	152	109	167	191	152	165
168	109	75	126	139	99	155	178	146	155
166	120	84	139	134	97	151	175	159	169
183	126	90	141	143	109	165	191	160	171
188	133	99	143	151	120	173	187	159	165
186	138	106	148	153	124	173	180	160	166
189	150	118	157	155	127	175	180	168	171
183	151	120	157	151	121	169	176	168	171
172	150	114	155	145	114	159	168	166	169
152	126	93	130	136	106	145	153	139	146
132	110	79	115	122	93	127	137	121	129
115	99	75	102	107	77	109	122	106	113
101	100	79	99	98	76	98	107	101	106
98	102	85	101	99	82	98	100	102	105
105	117	100	114	108	99	108	102	114	115
127	122	109	118	134	124	132	118	114	111
136	131	119	127	139	123	138	128	123	116
136	125	111	118	138	120	137	131	114	107
131	111	100	104	133	114	132	129	100	96
129	103	93	96	134	117	131	128	90	86
130	84	75	74	138	123	134	127	70	64
132	62	53	55	140	123	136	129	53	52
126	50	42	51	133	116	130	125	50	52
97	88	58	103	77	47	86	102	118	136
39	107	72	114	28	16	32	40	128	144
22	114	81	121	23	24	26	20	134	148
79	97	75	102	85	85	86	73	111	124
146	89	82	84	147	142	150	136	78	76
166	149	136	141	155	130	161	161	133	120
164	145	131	138	137	105	151	166	136	130
150	125	86	121	134	110	142	149	123	123
61	68	39	73	69	55	63	55	83	89
9	49	46	53	8	6	10	7	63	74
15	67	49	72	9	6	13	14	59	43
66	79	62	85	50	33	60	71	90	81
125	120	111	114	119	94	123	132	109	106
161	137	120	134	163	142	162	156	135	131
171	140	106	145	171	146	171	165	157	165
180	140	103	151	165	129	174	183	164	174
187	135	95	147	171	138	182	186	161	171
186	118	81	139	165	130	178	186	159	171
192	119	84	137	163	125	178	197	158	169
187	115	77	134	158	114	173	196	155	169
175	105	73	123	142	101	160	187	141	152
165	122	87	140	133	94	149	175	157	168
169	128	92	142	133	99	153	179	159	169
181	127	94	136	145	113	166	186	150	159
186	134	104	143	155	123	173	184	153	159
187	140	110	145	154	124	173	183	154	158
184	144	114	149	153	124	171	178	157	161
179	150	120	151	153	123	168	174	157	161
171	142	112	144	150	123	163	167	149	153
154	126	95	128	143	116	149	152	132	140
127	104	78	102	125	96	125	130	106	112
105	102	83	100	106	83	105	110	101	105
100	99	79	98	103	87	102	103	99	105
109	111	93	109	114	102	113	109	108	112
122	118	103	116	129	115	127	118	112	112
134	132	120	128	140	124	137	129	124	121
137	122	111	113	143	125	139	131	108	104
133	118	107	109	139	119	135	129	102	98
125	104	94	92	131	115	128	123	85	83
125	83	77	73	133	119	129	121	66	62
125	65	58	56	133	120	130	123	50	48
119	51	44	46	127	114	125	118	44	46
83	88	55	97	71	45	77	90	109	130
38	98	63	107	29	16	31	38	120	140
25	101	69	107	27	27	29	22	118	134
83	85	61	83	86	80	89	78	92	103
143	87	75	77	145	133	148	138	71	69
161	146	129	139	154	128	159	159	133	127
157	143	130	135	138	107	148	160	131	125
151	124	99	115	140	116	146	152	113	112
93	71	44	71	105	89	98	82	76	80
72	54	48	54	76	54	75	66	61	69
103	59	50	53	100	79	102	104	48	45
113	77	63	80	92	68	105	120	81	66
122	108	101	105	116	94	120	128	100	99
149	128	109	125	151	133	151	148	127	128
164	130	97	135	164	141	165	161	147	157
174	133	95	141	159	127	168	178	155	167
178	132	93	145	166	134	173	181	159	172
185	121	82	136	166	130	177	189	155	167
187	120	84	140	161	123	175	193	158	169
183	118	81	135	155	115	169	191	155	168
174	110	77	127	142	102	158	185	146	158
165	118	85	132	133	94	149	176	148	160
163	123	88	134	129	95	146	171	150	159
174	123	92	133	141	107	159	182	146	154
180	132	103	139	152	118	169	183	149	153
177	129	101	131	152	120	168	181	138	142
180	135	107	138	157	127	172	180	145	150
175	140	113	140	155	128	168	172	145	148
173	141	116	140	153	129	167	169	142	144
165	132	106	130	155	132	163	161	133	136
149	114	88	114	147	122	149	147	116	121
130	103	85	103	132	108	131	131	103	107
119	111	87	110	121	100	121	119	111	117
115	106	88	104	119	103	118	116	104	109
124	115	101	111	130	115	129	122	110	111
132	126	113	118	138	121	136	130	115	115
134	112	101	102	138	121	138	131	95	96
136	106	101	98	141	123	138	131	90	86
126	97	88	83	135	119	131	122	75	73
123	76	72	65	133	120	129	118	56	55
117	65	61	52	128	118	124	115	44	42
109	47	42	39	121	112	119	109	32	33
77	83	49	86	68	45	72	85	96	117
37	91	53	95	28	18	30	38	107	128
25	90	58	98	26	26	27	22	110	126
81	68	53	70	82	77	86	77	78	88
140	77	68	69	139	124	142	137	64	61
153	140	120	127	147	123	152	153	123	119
148	137	124	127	136	109	143	153	123	119
144	124	115	117	137	116	142	147	111	108
110	83	60	80	121	107	113	102	80	81
113	55	40	54	127	106	125	110	56	62
146	41	34	41	134	108	143	150	43	49
104	62	57	62	84	60	94	113	54	46
114	99	90	98	111	94	113	118	93	91
136	120	98	122	139	123	138	135	125	130
149	119	87	124	148	126	149	150	136	147
160	121	85	130	147	118	154	166	146	160
166	126	87	138	156	125	161	171	153	167
174	116	80	130	156	121	167	180	146	159
174	118	83	135	150	113	163	182	150	161
182	116	81	131	153	114	168	189	147	159
174	112	79	127	145	104	161	184	143	156
160	114	81	126	130	92	146	170	140	151
167	117	86	129	133	98	151	177	141	151
171	124	92	133	138	104	158	180	143	152
170	131	103	138	144	112	161	177	147	152
168	128	103	130	147	116	160	172	135	138
170	125	100	128	154	123	167	170	132	138
165	136	111	135	154	126	163	165	139	142
159	138	115	136	152	130	159	157	138	139
159	128	108	128	153	134	158	155	128	129
158	132	110	131	155	134	158	154	131	133
152	125	103	123	152	130	153	148	124	128
144	123	99	121	145	122	145	140	122	128
138	107	84	103	141	122	140	135	104	110
143	96	82	90	146	127	145	139	88	92
147	97	87	90	150	131	150	144	85	86
145	102	93	95	149	129	149	142	86	85
139	95	88	85	146	129	144	134	74	73
133	91	86	78	145	130	139	127	66	65
124	75	69	59	139	128	133	119	49	50
116	57	56	47	132	123	127	113	37	35
109	52	48	42	126	119	120	108	34	32
71	79	48	84	64	43	65	77	94	113
37	79	44	82	28	18	31	37	92	113
26	83	49	90	27	26	27	24	101	119
76	64	48	67	77	69	80	72	79	92
120	66	61	59	117	104	122	120	56	56
139	124	107	113	136	116	139	140	107	105
137	131	118	123	131	107	133	141	117	116
135	126	119	117	131	110	133	137	110	105
113	100	83	94	120	106	116	110	87	86
71	59	40	59	80	71	78	62	57	61
94	44	39	41	75	52	87	98	44	49
85	52	48	52	73	56	78	91	47	45
100	94	79	96	99	87	100	102	94	90
116	116	90	118	121	107	119	118	123	133
136	113	80	117	135	113	136	141	129	142
146	112	75	124	136	108	142	154	139	155
160	117	80	131	149	119	155	167	147	161
166	116	80	132	150	114	158	173	148	161
163	117	82	131	139	103	151	174	145	157
170	116	83	129	144	109	158	180	143	155
175	112	79	122	149	108	164	186	136	148
158	111	81	120	131	94	147	169	132	144
158	115	86	122	131	96	147	167	132	141
159	117	88	122	134	99	149	170	131	140
154	121	93	120	133	104	146	161	128	136
155	116	96	111	140	110	149	159	114	116
157	121	98	122	147	118	155	158	123	127
154	125	99	121	148	123	152	153	124	129
150	130	108	128	148	124	149	147	129	133
151	134	114	131	151	130	151	148	131	133
154	131	110	126	151	133	154	150	126	130
156	123	100	117	155	136	156	150	118	122
154	114	92	107	154	134	155	148	107	112
149	103	83	94	153	134	151	144	93	100
148	88	73	79	152	132	151	145	76	82
152	96	86	89	156	138	156	147	81	84
151	105	94	93	159	142	156	145	83	83
138	88	82	75	148	137	145	133	65	65
132	83	79	69	146	137	141	126	57	56
128	69	64	54	146	137	138	121	45	44
120	53	52	42	139	131	131	114	33	32
111	46	43	34	133	126	125	108	26	25
68	79	47	80	62	44	65	76	89	107
35	71	40	74	31	18	32	39	85	104
24	79	47	82	24	25	25	23	92	108
63	63	39	72	62	55	64	58	82	99
105	58	51	51	103	90	106	106	52	54
126	111	97	103	125	108	127	129	95	91
131	128	114	119	127	107	130	137	112	113
128	125	117	114	128	106	127	132	106	102
114	115	104	106	121	107	118	114	97	94
62	89	67	84	75	67	68	54	79	76
49	53	46	50	41	30	46	51	54	58
61	54	47	54	62	52	62	67	50	59
70	88	69	93	74	66	74	75	91	91
104	105	78	105	108	92	107	110	113	123
128	103	71	108	124	99	127	136	119	133
141	106	68	118	131	103	136	151	135	154
154	112	74	125	142	111	147	163	142	158
160	115	79	125	142	107	152	170	140	154
153	116	81	125	128	94	141	165	137	150
160	113	80	120	138	103	149	169	132	142
174	109	79	116	149	111	163	184	126	137
158	106	79	112	136	99	148	168	122	132
151	110	82	112	132	96	144	159	120	130
150	108	82	111	132	98	143	155	117	128
140	106	79	105	127	99	136	146	109	119
145	94	80	96	131	106	140	148	96	101
147	121	102	120	139	115	144	151	121	125
146	124	99	120	143	121	145	147	121	127
143	118	96	113	140	119	142	142	113	119
144	123	103	117	144	125	144	140	116	120
149	119	97	112	150	131	151	147	110	115
147	108	88	100	149	131	149	144	97	102
145	97	79	88	149	132	147	139	86	92
143	91	77	84	148	131	147	140	79	83
141	86	71	78	148	129	145	138	72	77
140	87	77	80	147	132	144	135	72	78
139	100	92	88	149	137	146	135	77	81
134	88	83	73	147	136	141	129	62	63
127	75	70	59	144	136	138	122	49	48
125	59	57	45	145	138	136	118	35	37
118	55	53	44	143	136	133	113	31	31
109	48	50	35	136	129	124	105	24	23
61	72	44	70	55	39	58	70	74	94
41	67	38	65	42	25	41	48	71	91
26	72	42	69	23	21	24	25	74	93
50	64	33	74	51	45	53	46	81	101
90	47	41	46	93	82	94	93	50	59
114	97	82	80	116	100	115	118	74	70
118	120	109	111	121	102	121	123	104	102
117	123	116	116	120	102	119	121	106	103
107	120	109	111	117	104	112	110	101	99
79	108	95	102	98	92	88	72	95	93
39	84	74	80	51	46	44	37	80	81
48	69	59	69	54	43	51	55	64	78
73	89	67	92	76	59	75	83	91	100
105	97	69	100	105	83	105	116	108	121
126	94	61	102	119	92	122	136	116	132
139	101	62	114	127	99	134	150	131	150
147	106	69	119	133	101	140	159	136	152
147	112	77	121	126	94	136	159	134	148
147	113	81	117	124	90	135	159	128	141
154	108	79	114	131	99	143	164	123	135
162	108	81	113	141	106	153	171	121	132
158	105	79	107	140	105	149	164	112	123
147	102	76	103	135	101	142	154	107	119
143	100	76	99	133	101	140	150	102	115
138	104	81	100	127	99	134	146	101	112
134	104	84	102	127	100	132	139	101	110
136	106	88	100	129	105	133	141	99	107
142	110	91	101	138	116	141	143	100	109
139	108	87	101	136	115	138	139	100	107
136	107	88	99	135	117	137	134	97	104
139	102	85	92	141	123	141	138	88	95
139	95	81	84	142	124	140	137	78	83
134	91	76	85	138	122	136	132	80	87
133	95	81	87	138	123	135	130	82	89
134	89	77	77	141	125	137	131	70	75
133	85	75	78	143	129	138	130	71	77
127	87	76	75	142	128	135	124	69	74
129	73	67	60	145	134	137	124	51	53
124	61	60	48	144	136	135	117	36	38
119	57	56	45	144	138	133	113	33	34
115	55	55	43	143	137	130	108	31	30
106	49	51	34	134	130	121	100	22	23
67	61	37	56	63	43	64	78	58	77
53	58	34	55	56	36	53	61	56	74
30	57	30	53	31	24	29	37	55	73
37	61	31	61	39	37	39	34	66	85
77	43	36	49	83	72	82	80	54	71
99	68	59	57	104	87	101	105	53	53
107	107	97	96	112	98	110	112	88	90
108	126	120	115	115	101	113	113	104	102
102	123	115	116	115	101	109	106	106	103
92	117	106	111	111	105	102	89	102	101
67	108	98	104	87	85	77	60	99	100
67	92	77	90	71	57	68	71	88	97
90	89	66	94	84	64	86	100	97	111
106	91	63	99	101	79	104	118	109	125
120	91	58	104	111	86	117	133	119	137
127	99	60	110	115	87	123	140	126	146
137	102	65	111	120	88	129	150	126	144
136	108	73	112	116	84	127	149	122	137
140	108	80	113	117	85	129	152	121	134
146	107	81	111	124	92	135	156	118	130
151	107	81	109	134	102	144	159	114	127
147	102	78	102	133	102	141	155	105	116
138	102	81	102	127	100	133	145	103	113
132	93	73	92	124	98	130	140	92	104
132	92	72	89	123	96	129	140	89	101
131	97	79	90	122	98	128	138	87	96
131	91	75	83	124	101	129	136	78	87
127	90	72	86	125	105	127	130	82	94
129	95	77	90	128	109	129	131	87	98
129	93	76	85	131	112	131	129	81	89
131	90	75	83	134	115	133	131	78	85
132	89	80	81	136	118	134	132	73	78
131	94	79	87	136	118	135	131	81	88
127	86	72	76	133	117	131	125	71	78
128	81	74	69	136	123	133	126	63	68
129	80	70	71	142	128	137	127	63	68
127	74	65	61	146	133	136	123	53	59
123	70	65	56	143	132	133	119	45	48
119	58	55	44	143	134	132	113	34	35
114	50	50	37	141	135	129	109	28	27
107	56	54	41	137	132	123	101	30	27
100	44	49	29	130	126	116	94	18	18
79	50	31	47	77	56	77	94	48	64
65	51	32	47	69	49	67	76	47	65
43	49	28	48	46	33	43	54	48	66
30	48	25	45	32	32	32	33	46	63
60	46	30	48	67	58	65	61	52	74
82	48	42	45	89	75	86	90	43	54
92	81	73	71	102	90	98	98	64	67
98	112	104	99	110	97	104	104	89	90
97	124	116	114	111	100	105	102	103	102
95	123	115	116	113	106	105	96	106	105
81	121	110	116	102	101	92	74	108	109
73	111	92	111	80	69	76	73	110	116
94	97	71	101	88	69	92	102	108	120
109	93	63	102	102	78	107	121	115	131
116	94	59	104	105	77	111	131	120	139
126	94	56	103	110	79	119	141	119	138
133	99	63	108	114	81	124	149	122	140
139	99	70	106	116	82	128	152	116	130
136	110	83	115	115	84	127	149	122	136
140	112	86	113	121	91	131	151	117	130
141	109	86	108	128	99	136	149	111	123
137	97	74	96	126	98	132	144	96	108
127	100	81	97	120	94	124	135	97	107
128	101	81	95	121	95	125	135	94	104
128	92	74	89	120	96	126	136	86	98
123	91	75	83	117	95	123	130	78	89
125	88	72	81	119	99	125	131	77	87
119	90	72	85	118	98	120	125	84	95
120	91	72	83	120	102	121	124	80	89
120	91	77	84	123	106	123	123	80	89
122	87	73	78	126	109	124	122	73	81
120	83	71	74	124	107	124	122	70	76
120	80	68	70	125	109	122	120	66	72
120	73	65	64	129	115	127	120	58	61
123	69	63	59	135	121	130	123	53	59
123	73	67	62	137	125	131	121	53	57
120	71	65	60	140	128	130	118	50	54
115	69	63	54	139	128	127	112	41	44
110	54	52	41	135	127	123	106	29	30
106	47	45	34	133	128	121	102	24	25
97	41	41	30	126	123	112	91	20	18
88	36	40	19	119	117	105	83	10	10
83	51	37	50	83	63	82	95	50	64
72	46	32	47	74	54	73	85	47	62
53	46	29	45	56	41	53	62	45	62
37	45	27	44	41	35	38	43	44	59
48	41	24	39	54	52	53	49	40	58
71	43	31	40	82	71	78	77	40	59
82	58	52	51	95	83	90	90	47	55
85	89	81	78	100	88	92	91	68	75
89	112	103	101	105	94	98	95	91	95
91	123	114	112	110	100	101	95	102	104
88	124	113	117	109	104	99	86	110	113
80	119	97	114	92	81	86	81	114	121
94	102	75	103	91	72	94	102	109	121
113	89	59	96	104	78	109	126	105	122
120	88	55	96	105	74	113	136	108	128
125	85	51	93	106	75	116	142	107	126
130	93	60	100	108	75	119	146	112	130
134	96	67	100	111	78	122	148	108	124
129	105	77	105	109	81	120	144	109	125
135	109	83	106	118	89	127	145	108	122
131	106	85	102	121	96	127	138	101	112
129	100	79	92	123	98	127	136	89	100
122	89	70	80	117	91	120	129	76	89
121	89	73	81	116	93	119	128	76	88
114	86	70	80	108	88	112	121	75	88
110	85	71	76	106	87	110	115	70	79
113	80	64	73	112	94	114	121	67	77
116	71	54	66	115	97	117	122	62	75
115	72	57	65	117	99	118	121	62	72
111	75	61	64	117	99	115	115	61	72
113	66	54	56	119	103	118	116	52	61
111	58	48	51	117	100	117	115	46	56
104	55	46	48	113	99	109	106	41	50
109	60	54	53	120	108	116	110	45	52
114	67	60	57	126	115	121	114	50	56
111	63	55	52	128	118	120	111	45	55
109	64	60	51	130	120	120	107	41	47
104	59	53	44	128	120	117	103	35	38
101	49	49	36	127	121	115	98	24	25
96	46	47	30	124	120	112	92	19	18
85	38	38	22	116	113	101	81	14	14
77	27	29	13	112	111	95	73	8	8